user_id,email,name
541312140,user_541312140@example.com,User 541312140
554748717,user_554748717@example.com,User 554748717
519107250,user_519107250@example.com,User 519107250
550050854,user_550050854@example.com,User 550050854
535871217,user_535871217@example.com,User 535871217
512742880,user_512742880@example.com,User 512742880
555447699,user_555447699@example.com,User 555447699
550978835,user_550978835@example.com,User 550978835
520571932,user_520571932@example.com,User 520571932
537918940,user_537918940@example.com,User 537918940
555158050,user_555158050@example.com,User 555158050
530282093,user_530282093@example.com,User 530282093
555444559,user_555444559@example.com,User 555444559
555446365,user_555446365@example.com,User 555446365
513642368,user_513642368@example.com,User 513642368
537192226,user_537192226@example.com,User 537192226
519528062,user_519528062@example.com,User 519528062
555446831,user_555446831@example.com,User 555446831
555428858,user_555428858@example.com,User 555428858
519530528,user_519530528@example.com,User 519530528
538645907,user_538645907@example.com,User 538645907
539512263,user_539512263@example.com,User 539512263
555217733,user_555217733@example.com,User 555217733
525734504,user_525734504@example.com,User 525734504
539194858,user_539194858@example.com,User 539194858
555447224,user_555447224@example.com,User 555447224
548449430,user_548449430@example.com,User 548449430
555447570,user_555447570@example.com,User 555447570
515342595,user_515342595@example.com,User 515342595
545323115,user_545323115@example.com,User 545323115
521242564,user_521242564@example.com,User 521242564
513798668,user_513798668@example.com,User 513798668
555447748,user_555447748@example.com,User 555447748
515535834,user_515535834@example.com,User 515535834
544648245,user_544648245@example.com,User 544648245
526631741,user_526631741@example.com,User 526631741
515454339,user_515454339@example.com,User 515454339
554754045,user_554754045@example.com,User 554754045
533078094,user_533078094@example.com,User 533078094
512558158,user_512558158@example.com,User 512558158
547028884,user_547028884@example.com,User 547028884
551377651,user_551377651@example.com,User 551377651
551331813,user_551331813@example.com,User 551331813
532085144,user_532085144@example.com,User 532085144
525856698,user_525856698@example.com,User 525856698
519885473,user_519885473@example.com,User 519885473
555447577,user_555447577@example.com,User 555447577
529755884,user_529755884@example.com,User 529755884
542378517,user_542378517@example.com,User 542378517
